k = 47;

R5 = (1/(2*10^-6*k))*(1+sqrt(1-(4*k*2)/(2000*pi)^2))

R4 = (1/((2000*pi)^2*(10^-6)^2*R5*k))

