tall1 = 5
tall2 = 6
tall1+tall2
tall2=7
2*tall1^10+tall2^8
tall3 = 25296051
tall3^0.5
tall1=0
tall1=tall1+1
gjeld = 1000*(1+0.03)^100
